score	frequency	year
1	0	1997
2	0	1997
3	0	1997
4	0	1997
5	0	1997
6	0	1997
7	0	1997
8	0	1997
9	0	1997
10	0	1997
11	0	1997
12	0	1997
13	0	1997
14	0	1997
15	0	1997
16	0	1997
17	0	1997
18	0	1997
19	0	1997
20	0	1997
21	0	1997
22	0	1997
23	0	1997
24	0	1997
25	0	1997
26	0	1997
27	0	1997
28	0	1997
29	0	1997
30	0	1997
31	0	1997
32	0	1997
33	0	1997
34	0	1997
35	0	1997
36	0	1997
37	0	1997
38	0	1997
39	0	1997
40	0	1997
41	0	1997
42	0	1997
43	0	1997
44	0	1997
45	0	1997
46	0	1997
47	0	1997
48	0	1997
49	0	1997
50	0	1997
51	0	1997
52	0	1997
53	0	1997
54	0	1997
55	0	1997
56	0	1997
57	0	1997
58	0	1997
59	0	1997
60	0	1997
61	0	1997
62	0	1997
63	0	1997
64	1	1997
65	0	1997
66	0	1997
67	0	1997
68	0	1997
69	0	1997
70	0	1997
71	1	1997
72	1	1997
73	3	1997
74	1	1997
75	4	1997
76	3	1997
77	1	1997
78	5	1997
79	6	1997
80	4	1997
81	6	1997
82	9	1997
83	8	1997
84	15	1997
85	8	1997
86	12	1997
87	14	1997
88	26	1997
89	20	1997
90	21	1997
91	18	1997
92	32	1997
93	36	1997
94	40	1997
95	45	1997
96	49	1997
97	41	1997
98	36	1997
99	45	1997
100	49	1997
101	43	1997
102	48	1997
103	50	1997
104	39	1997
105	42	1997
106	46	1997
107	35	1997
108	45	1997
109	44	1997
110	42	1997
111	32	1997
112	26	1997
113	32	1997
114	22	1997
115	26	1997
116	13	1997
117	15	1997
118	12	1997
119	5	1997
120	14	1997
121	8	1997
122	14	1997
123	10	1997
124	5	1997
125	8	1997
126	7	1997
127	6	1997
128	2	1997
129	2	1997
130	0	1997
131	2	1997
132	3	1997
133	0	1997
134	1	1997
135	0	1997
136	2	1997
