score	frequency	year
1	0	1998
2	0	1998
3	0	1998
4	0	1998
5	0	1998
6	0	1998
7	0	1998
8	0	1998
9	0	1998
10	0	1998
11	0	1998
12	0	1998
13	0	1998
14	0	1998
15	0	1998
16	0	1998
17	0	1998
18	0	1998
19	0	1998
20	0	1998
21	0	1998
22	0	1998
23	0	1998
24	0	1998
25	0	1998
26	0	1998
27	0	1998
28	0	1998
29	0	1998
30	0	1998
31	0	1998
32	0	1998
33	0	1998
34	0	1998
35	0	1998
36	0	1998
37	0	1998
38	0	1998
39	0	1998
40	0	1998
41	0	1998
42	0	1998
43	0	1998
44	0	1998
45	0	1998
46	0	1998
47	0	1998
48	0	1998
49	0	1998
50	0	1998
51	0	1998
52	0	1998
53	0	1998
54	0	1998
55	0	1998
56	0	1998
57	0	1998
58	0	1998
59	0	1998
60	0	1998
61	0	1998
62	0	1998
63	0	1998
64	0	1998
65	0	1998
66	0	1998
67	0	1998
68	1	1998
69	0	1998
70	0	1998
71	0	1998
72	0	1998
73	0	1998
74	3	1998
75	0	1998
76	2	1998
77	2	1998
78	2	1998
79	10	1998
80	4	1998
81	7	1998
82	17	1998
83	14	1998
84	10	1998
85	18	1998
86	11	1998
87	25	1998
88	27	1998
89	27	1998
90	35	1998
91	31	1998
92	30	1998
93	45	1998
94	43	1998
95	34	1998
96	55	1998
97	51	1998
98	41	1998
99	62	1998
100	40	1998
101	41	1998
102	42	1998
103	39	1998
104	42	1998
105	37	1998
106	38	1998
107	36	1998
108	39	1998
109	39	1998
110	36	1998
111	28	1998
112	29	1998
113	19	1998
114	17	1998
115	17	1998
116	13	1998
117	12	1998
118	17	1998
119	12	1998
120	10	1998
121	9	1998
122	7	1998
123	4	1998
124	7	1998
125	2	1998
126	2	1998
127	1	1998
128	2	1998
129	2	1998
130	2	1998
131	1	1998
132	3	1998
133	4	1998
134	1	1998
135	0	1998
136	0	1998
137	0	1998
138	1	1998
139	0	1998
140	1	1998
141	0	1998
142	0	1998
143	0	1998
144	0	1998
145	0	1998
146	0	1998
147	0	1998
148	0	1998
149	0	1998
150	0	1998
151	0	1998
152	1	1998
