score	gamesWon
1	678
2	668
3	713
4	703
5	732
6	735
7	749
8	767
9	756
10	763
11	771
12	777
13	761
14	769
15	764
16	768
17	767
18	767
19	777
20	788
21	793
22	813
23	811
24	805
25	810
26	822
27	826
28	832
29	840
30	847
31	855
32	849
33	852
34	860
35	874
36	870
37	900
38	890
39	896
40	909
41	906
42	907
43	908
44	909
45	914
46	916
47	929
48	924
49	933
50	935
51	941
52	954
53	955
54	962
55	963
56	978
57	986
58	986
59	996
60	987
61	993
62	994
63	1002
64	1020
65	1025
66	1029
67	1038
68	1041
69	1034
70	1040
71	1041
72	1064
73	1071
74	1081
75	1084
76	1091
77	1095
78	1090
79	1102
80	1089
81	1100
82	1089
83	1089
84	1086
85	1080
86	1058
87	1057
88	1044
89	1017
90	1004
91	970
92	947
93	925
94	883
95	854
96	818
97	773
98	728
99	692
100	626
101	586
102	547
103	514
104	478
105	438
106	406
107	368
108	331
109	294
110	254
111	219
112	193
113	165
114	147
115	127
116	112
117	100
118	88
119	71
120	59
121	49
122	40
123	33
124	29
125	22
126	20
127	18
128	17
129	15
130	14
131	12
132	11
133	8
134	4
135	3
136	3
137	3
138	3
139	2
140	2
141	1
142	1
143	1
144	1
145	1
146	1
147	1
148	1
149	1
150	1
151	1
152	1
