score	frequency	year
1	0	1999
2	0	1999
3	0	1999
4	0	1999
5	0	1999
6	0	1999
7	0	1999
8	0	1999
9	0	1999
10	0	1999
11	0	1999
12	0	1999
13	0	1999
14	0	1999
15	0	1999
16	0	1999
17	0	1999
18	0	1999
19	0	1999
20	0	1999
21	0	1999
22	0	1999
23	0	1999
24	0	1999
25	0	1999
26	0	1999
27	0	1999
28	0	1999
29	0	1999
30	0	1999
31	0	1999
32	0	1999
33	0	1999
34	0	1999
35	0	1999
36	0	1999
37	0	1999
38	0	1999
39	0	1999
40	0	1999
41	0	1999
42	0	1999
43	0	1999
44	0	1999
45	0	1999
46	0	1999
47	0	1999
48	0	1999
49	0	1999
50	0	1999
51	0	1999
52	0	1999
53	0	1999
54	0	1999
55	0	1999
56	0	1999
57	0	1999
58	0	1999
59	0	1999
60	0	1999
61	0	1999
62	0	1999
63	0	1999
64	0	1999
65	0	1999
66	0	1999
67	0	1999
68	0	1999
69	0	1999
70	1	1999
71	1	1999
72	1	1999
73	2	1999
74	2	1999
75	2	1999
76	4	1999
77	5	1999
78	7	1999
79	10	1999
80	10	1999
81	10	1999
82	9	1999
83	12	1999
84	13	1999
85	20	1999
86	21	1999
87	22	1999
88	26	1999
89	26	1999
90	32	1999
91	29	1999
92	29	1999
93	32	1999
94	27	1999
95	32	1999
96	23	1999
97	28	1999
98	19	1999
99	32	1999
100	28	1999
101	33	1999
102	22	1999
103	32	1999
104	18	1999
105	20	1999
106	23	1999
107	16	1999
108	11	1999
109	13	1999
110	15	1999
111	10	1999
112	6	1999
113	11	1999
114	5	1999
115	14	1999
116	5	1999
117	5	1999
118	2	1999
119	5	1999
120	6	1999
121	2	1999
122	0	1999
126	0	1999
127	0	1999
128	0	1999
129	0	1999
130	0	1999
131	1	1999
132	0	1999
133	1	1999
