score	frequency	year
1	0	2001
2	0	2001
3	0	2001
4	0	2001
5	0	2001
6	0	2001
7	0	2001
8	0	2001
9	0	2001
10	0	2001
11	0	2001
12	0	2001
13	0	2001
14	0	2001
15	0	2001
16	0	2001
17	0	2001
18	0	2001
19	0	2001
20	0	2001
21	0	2001
22	0	2001
23	0	2001
24	0	2001
25	0	2001
26	0	2001
27	0	2001
28	0	2001
29	0	2001
30	0	2001
31	0	2001
32	0	2001
33	0	2001
34	0	2001
35	0	2001
36	0	2001
37	0	2001
38	0	2001
39	0	2001
40	0	2001
41	0	2001
42	0	2001
43	0	2001
44	0	2001
45	0	2001
46	0	2001
47	0	2001
48	0	2001
49	0	2001
50	0	2001
51	0	2001
52	0	2001
53	0	2001
54	0	2001
55	0	2001
56	0	2001
57	0	2001
58	0	2001
59	0	2001
60	0	2001
61	0	2001
62	0	2001
63	0	2001
64	0	2001
65	1	2001
66	0	2001
67	0	2001
68	0	2001
69	0	2001
70	1	2001
71	1	2001
72	0	2001
73	0	2001
74	0	2001
75	1	2001
76	4	2001
77	2	2001
78	3	2001
79	7	2001
80	8	2001
81	11	2001
82	8	2001
83	9	2001
84	23	2001
85	18	2001
86	32	2001
87	16	2001
88	27	2001
89	26	2001
90	21	2001
91	35	2001
92	30	2001
93	39	2001
94	44	2001
95	43	2001
96	40	2001
97	54	2001
98	39	2001
99	56	2001
100	47	2001
101	57	2001
102	45	2001
103	58	2001
104	51	2001
105	38	2001
106	35	2001
107	43	2001
108	39	2001
109	35	2001
110	29	2001
111	26	2001
112	26	2001
113	14	2001
114	18	2001
115	17	2001
116	20	2001
117	5	2001
118	7	2001
119	10	2001
120	9	2001
121	6	2001
122	8	2001
123	3	2001
124	4	2001
125	5	2001
126	2	2001
127	2	2001
128	0	2001
129	1	2001
130	1	2001
