score	gamesWon
1	692
2	684
3	707
4	700
5	713
6	706
7	747
8	736
9	741
10	754
11	764
12	767
13	775
14	770
15	762
16	770
17	778
18	804
19	800
20	804
21	823
22	817
23	823
24	837
25	821
26	833
27	837
28	848
29	840
30	854
31	852
32	867
33	873
34	871
35	876
36	876
37	893
38	892
39	899
40	903
41	913
42	911
43	923
44	922
45	935
46	937
47	929
48	948
49	940
50	950
51	955
52	965
53	969
54	965
55	967
56	969
57	965
58	979
59	977
60	1009
61	996
62	1012
63	1005
64	1008
65	1015
66	1026
67	1033
68	1030
69	1050
70	1046
71	1050
72	1044
73	1054
74	1055
75	1068
76	1069
77	1074
78	1082
79	1086
80	1081
81	1071
82	1073
83	1069
84	1069
85	1053
86	1046
87	1024
88	1009
89	985
90	965
91	953
92	923
93	906
94	871
95	839
96	807
97	767
98	715
99	680
100	631
101	586
102	531
103	490
104	431
105	379
106	348
107	315
108	271
109	233
110	201
111	174
112	151
113	127
114	115
115	96
116	82
117	59
118	56
119	48
120	40
121	32
122	25
123	18
124	15
125	11
126	6
127	4
128	2
129	2
130	1
