score	frequency	year
1	0	2002
2	0	2002
3	0	2002
4	0	2002
5	0	2002
6	0	2002
7	0	2002
8	0	2002
9	0	2002
10	0	2002
11	0	2002
12	0	2002
13	0	2002
14	0	2002
15	0	2002
16	0	2002
17	0	2002
18	0	2002
19	0	2002
20	0	2002
21	0	2002
22	0	2002
23	0	2002
24	0	2002
25	0	2002
26	0	2002
27	0	2002
28	0	2002
29	0	2002
30	0	2002
31	0	2002
32	0	2002
33	0	2002
34	0	2002
35	0	2002
36	0	2002
37	0	2002
38	0	2002
39	0	2002
40	0	2002
41	0	2002
42	0	2002
43	0	2002
44	0	2002
45	0	2002
46	0	2002
47	0	2002
48	0	2002
49	0	2002
50	0	2002
51	0	2002
52	0	2002
53	0	2002
54	0	2002
55	0	2002
56	0	2002
57	0	2002
58	0	2002
59	0	2002
60	0	2002
61	0	2002
62	0	2002
63	0	2002
64	0	2002
65	0	2002
66	1	2002
67	0	2002
68	0	2002
69	0	2002
70	1	2002
71	0	2002
72	1	2002
73	1	2002
74	0	2002
75	0	2002
76	2	2002
77	2	2002
78	7	2002
79	4	2002
80	7	2002
81	5	2002
82	9	2002
83	11	2002
84	8	2002
85	21	2002
86	17	2002
87	15	2002
88	17	2002
89	43	2002
90	33	2002
91	24	2002
92	45	2002
93	33	2002
94	41	2002
95	45	2002
96	50	2002
97	44	2002
98	55	2002
99	54	2002
100	44	2002
101	51	2002
102	45	2002
103	36	2002
104	43	2002
105	50	2002
106	29	2002
107	42	2002
108	30	2002
109	39	2002
110	29	2002
111	27	2002
112	32	2002
113	29	2002
114	22	2002
115	21	2002
116	18	2002
117	16	2002
118	7	2002
119	9	2002
120	11	2002
121	4	2002
122	5	2002
123	3	2002
124	3	2002
125	5	2002
126	2	2002
127	2	2002
128	2	2002
129	2	2002
130	1	2002
131	0	2002
132	2	2002
133	2	2002
134	0	2002
141	1	2002
