score	gamesWon
1	686
2	681
3	670
4	682
5	697
6	716
7	717
8	736
9	739
10	741
11	759
12	760
13	779
14	779
15	790
16	798
17	795
18	813
19	812
20	818
21	838
22	837
23	843
24	831
25	841
26	859
27	853
28	855
29	879
30	864
31	874
32	876
33	872
34	875
35	865
36	877
37	872
38	890
39	887
40	891
41	896
42	903
43	910
44	917
45	915
46	918
47	924
48	940
49	940
50	963
51	969
52	963
53	959
54	965
55	977
56	971
57	976
58	983
59	978
60	973
61	981
62	997
63	1003
64	995
65	994
66	1004
67	993
68	1012
69	1019
70	1015
71	1028
72	1037
73	1049
74	1056
75	1062
76	1069
77	1074
78	1060
79	1057
80	1054
81	1060
82	1055
83	1060
84	1042
85	1027
86	1021
87	987
88	969
89	945
90	917
91	887
92	853
93	826
94	798
95	749
96	693
97	666
98	601
99	567
100	519
101	484
102	437
103	401
104	368
105	336
106	300
107	259
108	227
109	200
110	178
111	155
112	136
113	121
114	102
115	85
116	72
117	62
118	53
119	47
120	41
121	32
122	29
123	26
124	24
125	18
126	13
127	11
128	5
129	5
130	4
131	2
132	3
133	3
134	3
135	3
136	3
137	2
138	1
