score	gamesWon
1	730
2	728
3	731
4	745
5	751
6	751
7	760
8	765
9	784
10	786
11	792
12	791
13	786
14	801
15	812
16	823
17	822
18	828
19	824
20	835
21	820
22	815
23	830
24	860
25	858
26	873
27	866
28	880
29	877
30	881
31	887
32	881
33	884
34	901
35	893
36	902
37	902
38	907
39	909
40	912
41	922
42	922
43	945
44	933
45	956
46	958
47	975
48	967
49	975
50	969
51	970
52	980
53	984
54	976
55	994
56	983
57	988
58	1005
59	992
60	1010
61	1014
62	1016
63	1018
64	1023
65	1015
66	1014
67	1016
68	1034
69	1023
70	1030
71	1036
72	1034
73	1034
74	1041
75	1041
76	1054
77	1049
78	1067
79	1063
80	1079
81	1078
82	1084
83	1078
84	1086
85	1089
86	1085
87	1080
88	1073
89	1068
90	1036
91	1019
92	1008
93	971
94	956
95	900
96	877
97	846
98	824
99	781
100	735
101	684
102	637
103	595
104	545
105	504
106	466
107	410
108	370
109	328
110	300
111	268
112	235
113	213
114	176
115	147
116	128
117	111
118	89
119	79
120	66
121	60
122	49
123	35
124	30
125	27
126	24
127	21
128	16
129	11
130	8
131	6
132	6
133	6
134	5
135	4
136	4
137	2
138	1
139	1
