score	gamesWon
1	736
2	733
3	754
4	756
5	750
6	767
7	762
8	782
9	777
10	780
11	803
12	810
13	809
14	808
15	815
16	822
17	820
18	830
19	839
20	847
21	866
22	857
23	859
24	867
25	870
26	871
27	873
28	891
29	886
30	897
31	898
32	893
33	894
34	891
35	889
36	895
37	903
38	912
39	914
40	918
41	926
42	927
43	927
44	933
45	923
46	938
47	942
48	952
49	961
50	959
51	964
52	969
53	978
54	981
55	985
56	982
57	989
58	1006
59	998
60	1008
61	998
62	1006
63	1019
64	1025
65	1026
66	1027
67	1039
68	1036
69	1051
70	1047
71	1051
72	1061
73	1068
74	1066
75	1074
76	1080
77	1091
78	1098
79	1109
80	1125
81	1122
82	1137
83	1137
84	1142
85	1138
86	1126
87	1134
88	1123
89	1117
90	1099
91	1083
92	1061
93	1042
94	1024
95	999
96	987
97	960
98	928
99	900
100	863
101	814
102	779
103	741
104	681
105	641
106	585
107	545
108	516
109	477
110	443
111	398
112	354
113	320
114	293
115	262
116	241
117	212
118	179
119	162
120	139
121	120
122	108
123	89
124	70
125	60
126	51
127	43
128	33
129	28
130	25
131	21
132	19
133	13
134	12
135	10
136	9
137	7
138	5
139	4
140	4
141	3
142	3
143	3
144	3
145	3
146	3
147	3
148	3
149	3
150	3
151	3
152	1
153	1
154	1
155	1
156	1
157	1
158	1
159	1
160	1
161	1
162	1
163	1
164	1
165	1
166	1
167	1
168	1
