score	frequency	year
1	0	2009
2	0	2009
3	0	2009
4	0	2009
5	0	2009
6	0	2009
7	0	2009
8	0	2009
9	0	2009
10	0	2009
11	0	2009
12	0	2009
13	0	2009
14	0	2009
15	0	2009
16	0	2009
17	0	2009
18	0	2009
19	0	2009
20	0	2009
21	0	2009
22	0	2009
23	0	2009
24	0	2009
25	0	2009
26	0	2009
27	0	2009
28	0	2009
29	0	2009
30	0	2009
31	0	2009
32	0	2009
33	0	2009
34	0	2009
35	0	2009
36	0	2009
37	0	2009
38	0	2009
39	0	2009
40	0	2009
41	0	2009
42	0	2009
43	0	2009
44	0	2009
45	0	2009
46	0	2009
47	0	2009
48	0	2009
49	0	2009
50	0	2009
51	0	2009
52	0	2009
53	0	2009
54	0	2009
55	0	2009
56	0	2009
57	0	2009
58	0	2009
59	0	2009
60	0	2009
61	0	2009
62	0	2009
63	0	2009
64	0	2009
65	0	2009
66	0	2009
67	0	2009
68	0	2009
69	0	2009
70	0	2009
71	0	2009
72	0	2009
73	0	2009
74	0	2009
75	0	2009
76	0	2009
77	1	2009
78	2	2009
79	3	2009
80	4	2009
81	3	2009
82	3	2009
83	4	2009
84	5	2009
85	5	2009
86	11	2009
87	11	2009
88	21	2009
89	19	2009
90	20	2009
91	24	2009
92	16	2009
93	31	2009
94	30	2009
95	35	2009
96	35	2009
97	29	2009
98	50	2009
99	52	2009
100	49	2009
101	43	2009
102	46	2009
103	44	2009
104	42	2009
105	56	2009
106	53	2009
107	64	2009
108	44	2009
109	39	2009
110	37	2009
111	29	2009
112	35	2009
113	31	2009
114	35	2009
115	27	2009
116	25	2009
117	28	2009
118	24	2009
119	24	2009
120	16	2009
121	13	2009
122	17	2009
123	4	2009
124	10	2009
125	5	2009
126	9	2009
127	5	2009
128	7	2009
129	9	2009
130	5	2009
131	1	2009
132	4	2009
133	4	2009
134	1	2009
135	4	2009
136	0	2009
137	0	2009
138	1	2009
139	2	2009
140	5	2009
141	0	2009
142	1	2009
143	1	2009
144	1	2009
145	0	2009
146	0	2009
147	0	2009
148	0	2009
149	0	2009
150	0	2009
151	0	2009
152	0	2009
153	0	2009
154	1	2009
