score	gamesWon
1	720
2	720
3	730
4	763
5	784
6	780
7	790
8	778
9	779
10	780
11	794
12	796
13	816
14	820
15	832
16	829
17	842
18	841
19	840
20	857
21	860
22	861
23	853
24	858
25	868
26	877
27	874
28	881
29	865
30	883
31	881
32	890
33	890
34	905
35	916
36	915
37	926
38	932
39	931
40	932
41	917
42	922
43	929
44	940
45	940
46	946
47	929
48	931
49	941
50	950
51	959
52	961
53	974
54	979
55	970
56	983
57	990
58	996
59	1002
60	997
61	1003
62	1003
63	1011
64	1015
65	1016
66	1015
67	1020
68	1027
69	1039
70	1043
71	1053
72	1051
73	1056
74	1069
75	1069
76	1068
77	1086
78	1076
79	1082
80	1079
81	1100
82	1096
83	1096
84	1102
85	1104
86	1096
87	1101
88	1106
89	1092
90	1081
91	1064
92	1048
93	1035
94	1011
95	993
96	966
97	946
98	919
99	880
100	834
101	787
102	755
103	711
104	678
105	631
106	586
107	530
108	474
109	427
110	398
111	364
112	337
113	299
114	277
115	243
116	220
117	193
118	167
119	142
120	120
121	102
122	93
123	75
124	72
125	61
126	58
127	48
128	46
129	39
130	31
131	26
132	23
133	18
134	16
135	15
136	12
137	11
138	12
139	10
140	8
141	3
142	4
143	3
144	2
145	1
146	1
147	1
148	1
149	1
150	1
151	1
152	1
153	1
154	1
