score	gamesWon
1	714
2	717
3	711
4	716
5	731
6	710
7	728
8	715
9	739
10	752
11	767
12	764
13	769
14	784
15	797
16	793
17	802
18	829
19	824
20	823
21	826
22	840
23	850
24	861
25	855
26	869
27	848
28	864
29	864
30	877
31	880
32	872
33	874
34	884
35	881
36	900
37	889
38	897
39	907
40	896
41	914
42	901
43	909
44	909
45	912
46	919
47	919
48	916
49	941
50	934
51	938
52	944
53	950
54	963
55	961
56	976
57	992
58	996
59	988
60	1006
61	1001
62	1017
63	1025
64	1032
65	1034
66	1040
67	1040
68	1046
69	1047
70	1061
71	1059
72	1064
73	1075
74	1081
75	1091
76	1075
77	1090
78	1091
79	1100
80	1097
81	1109
82	1109
83	1112
84	1102
85	1117
86	1111
87	1116
88	1128
89	1135
90	1127
91	1122
92	1111
93	1088
94	1062
95	1035
96	1020
97	979
98	949
99	893
100	854
101	824
102	792
103	748
104	711
105	649
106	608
107	561
108	520
109	466
110	419
111	387
112	351
113	320
114	283
115	257
116	229
117	201
118	182
119	157
120	141
121	124
122	107
123	93
124	83
125	71
126	61
127	51
128	42
129	32
130	29
131	24
132	20
133	13
134	8
135	8
136	6
137	6
138	6
139	5
140	6
141	5
142	4
143	4
144	4
145	4
146	4
147	2
148	1
149	1
150	1
151	1
152	1
