score	frequency	year
1	0	2011
2	0	2011
3	0	2011
4	0	2011
5	0	2011
6	0	2011
7	0	2011
8	0	2011
9	0	2011
10	0	2011
11	0	2011
12	0	2011
13	0	2011
14	0	2011
15	0	2011
16	0	2011
17	0	2011
18	0	2011
19	0	2011
20	0	2011
21	0	2011
22	0	2011
23	0	2011
24	0	2011
25	0	2011
26	0	2011
27	0	2011
28	0	2011
29	0	2011
30	0	2011
31	0	2011
32	0	2011
33	0	2011
34	0	2011
35	0	2011
36	0	2011
37	0	2011
38	0	2011
39	0	2011
40	0	2011
41	0	2011
42	0	2011
43	0	2011
44	0	2011
45	0	2011
46	0	2011
47	0	2011
48	0	2011
49	0	2011
50	0	2011
51	0	2011
52	0	2011
53	0	2011
54	0	2011
55	0	2011
56	0	2011
57	0	2011
58	0	2011
59	0	2011
60	0	2011
61	0	2011
62	0	2011
63	0	2011
64	0	2011
65	0	2011
66	0	2011
67	0	2011
68	0	2011
69	0	2011
70	0	2011
71	0	2011
72	0	2011
73	0	2011
74	0	2011
75	2	2011
76	0	2011
77	1	2011
78	1	2011
79	1	2011
80	1	2011
81	0	2011
82	4	2011
83	9	2011
84	10	2011
85	10	2011
86	9	2011
87	9	2011
88	20	2011
89	24	2011
90	17	2011
91	15	2011
92	20	2011
93	33	2011
94	29	2011
95	45	2011
96	39	2011
97	47	2011
98	41	2011
99	56	2011
100	58	2011
101	51	2011
102	44	2011
103	47	2011
104	52	2011
105	36	2011
106	41	2011
107	42	2011
108	39	2011
109	45	2011
110	53	2011
111	45	2011
112	37	2011
113	32	2011
114	25	2011
115	26	2011
116	33	2011
117	17	2011
118	18	2011
119	9	2011
120	19	2011
121	17	2011
122	9	2011
123	16	2011
124	9	2011
125	9	2011
126	4	2011
127	6	2011
128	3	2011
129	6	2011
130	2	2011
131	5	2011
132	3	2011
133	1	2011
134	1	2011
135	1	2011
136	2	2011
137	1	2011
138	2	2011
139	1	2011
140	0	2011
141	0	2011
142	0	2011
143	0	2011
144	1	2011
