score	gamesWon
1	698
2	694
3	716
4	720
5	724
6	715
7	738
8	719
9	761
10	761
11	782
12	770
13	773
14	757
15	749
16	769
17	794
18	799
19	813
20	810
21	830
22	821
23	840
24	833
25	820
26	841
27	844
28	848
29	834
30	862
31	851
32	853
33	858
34	858
35	858
36	840
37	864
38	854
39	873
40	863
41	885
42	871
43	890
44	890
45	898
46	906
47	912
48	918
49	922
50	917
51	930
52	931
53	933
54	957
55	958
56	965
57	955
58	979
59	980
60	980
61	990
62	1000
63	1009
64	1005
65	1006
66	1016
67	1012
68	1012
69	1011
70	1027
71	1041
72	1039
73	1045
74	1046
75	1040
76	1036
77	1057
78	1058
79	1075
80	1090
81	1089
82	1101
83	1100
84	1088
85	1096
86	1091
87	1106
88	1093
89	1089
90	1076
91	1068
92	1063
93	1050
94	1021
95	993
96	959
97	926
98	894
99	861
100	814
101	753
102	716
103	674
104	631
105	584
106	550
107	514
108	473
109	439
110	391
111	344
112	300
113	266
114	235
115	212
116	191
117	157
118	142
119	122
120	117
121	98
122	81
123	72
124	56
125	47
126	38
127	35
128	29
129	25
130	19
131	17
132	12
133	10
134	9
135	8
136	6
137	5
138	4
139	2
140	1
141	1
142	1
143	1
144	1
