score	gamesWon
1	584
2	581
3	573
4	592
5	600
6	616
7	614
8	618
9	641
10	649
11	643
12	655
13	651
14	640
15	652
16	650
17	661
18	671
19	681
20	682
21	687
22	690
23	697
24	699
25	716
26	705
27	706
28	719
29	720
30	724
31	724
32	727
33	734
34	734
35	746
36	743
37	737
38	738
39	743
40	746
41	750
42	755
43	768
44	759
45	766
46	755
47	773
48	774
49	776
50	785
51	788
52	800
53	806
54	815
55	810
56	812
57	810
58	818
59	825
60	833
61	840
62	843
63	844
64	851
65	846
66	854
67	855
68	870
69	872
70	871
71	871
72	886
73	890
74	900
75	897
76	905
77	899
78	892
79	900
80	907
81	899
82	901
83	897
84	897
85	897
86	904
87	905
88	894
89	882
90	869
91	859
92	838
93	822
94	784
95	759
96	733
97	702
98	665
99	625
100	571
101	538
102	500
103	447
104	404
105	366
106	324
107	292
108	254
109	229
110	202
111	187
112	168
113	148
114	128
115	111
116	94
117	81
118	69
119	60
120	48
121	33
122	24
123	18
124	16
125	12
126	8
127	8
128	6
129	4
130	4
131	4
132	3
133	3
134	3
135	3
136	3
137	3
138	2
139	2
140	1
141	1
142	1
143	1
144	1
145	1
146	1
147	1
148	1
149	1
