score	frequency	year
1	0	2013
2	0	2013
3	0	2013
4	0	2013
5	0	2013
6	0	2013
7	0	2013
8	0	2013
9	0	2013
10	0	2013
11	0	2013
12	0	2013
13	0	2013
14	0	2013
15	0	2013
16	0	2013
17	0	2013
18	0	2013
19	0	2013
20	0	2013
21	0	2013
22	0	2013
23	0	2013
24	0	2013
25	0	2013
26	0	2013
27	0	2013
28	0	2013
29	0	2013
30	0	2013
31	0	2013
32	0	2013
33	0	2013
34	0	2013
35	0	2013
36	0	2013
37	0	2013
38	0	2013
39	0	2013
40	0	2013
41	0	2013
42	0	2013
43	0	2013
44	0	2013
45	0	2013
46	0	2013
47	0	2013
48	0	2013
49	0	2013
50	0	2013
51	0	2013
52	0	2013
53	0	2013
54	0	2013
55	0	2013
56	0	2013
57	0	2013
58	0	2013
59	0	2013
60	0	2013
61	0	2013
62	0	2013
63	0	2013
64	0	2013
65	0	2013
66	0	2013
67	0	2013
68	0	2013
69	0	2013
70	0	2013
71	1	2013
72	0	2013
73	0	2013
74	1	2013
75	0	2013
76	1	2013
77	2	2013
78	1	2013
79	2	2013
80	2	2013
81	5	2013
82	5	2013
83	3	2013
84	5	2013
85	7	2013
86	11	2013
87	20	2013
88	18	2013
89	17	2013
90	30	2013
91	17	2013
92	37	2013
93	38	2013
94	26	2013
95	37	2013
96	42	2013
97	48	2013
98	36	2013
99	61	2013
100	50	2013
101	46	2013
102	49	2013
103	60	2013
104	60	2013
105	65	2013
106	44	2013
107	47	2013
108	48	2013
109	37	2013
110	30	2013
111	28	2013
112	26	2013
113	39	2013
114	27	2013
115	20	2013
116	22	2013
117	26	2013
118	18	2013
119	20	2013
120	12	2013
121	9	2013
122	9	2013
123	5	2013
124	5	2013
125	10	2013
126	5	2013
127	4	2013
128	2	2013
129	3	2013
130	1	2013
131	5	2013
132	2	2013
133	0	2013
134	1	2013
135	0	2013
136	2	2013
137	0	2013
138	0	2013
139	0	2013
140	2	2013
141	1	2013
142	1	2013
