score	gamesWon
1	727
2	726
3	741
4	758
5	760
6	774
7	777
8	797
9	792
10	821
11	809
12	821
13	810
14	835
15	831
16	846
17	840
18	843
19	857
20	841
21	872
22	869
23	884
24	880
25	874
26	883
27	904
28	910
29	909
30	908
31	898
32	915
33	921
34	917
35	904
36	914
37	916
38	928
39	924
40	920
41	926
42	929
43	931
44	926
45	939
46	932
47	944
48	927
49	939
50	949
51	955
52	971
53	973
54	973
55	984
56	994
57	1018
58	1010
59	1015
60	1017
61	1017
62	1017
63	1021
64	1033
65	1027
66	1029
67	1041
68	1041
69	1039
70	1053
71	1067
72	1074
73	1086
74	1080
75	1088
76	1080
77	1080
78	1095
79	1088
80	1098
81	1100
82	1110
83	1113
84	1114
85	1111
86	1127
87	1121
88	1136
89	1127
90	1124
91	1115
92	1104
93	1084
94	1068
95	1045
96	1024
97	985
98	960
99	942
100	917
101	885
102	831
103	762
104	729
105	669
106	631
107	603
108	556
109	515
110	471
111	426
112	381
113	333
114	292
115	257
116	232
117	194
118	170
119	150
120	135
121	122
122	106
123	88
124	71
125	57
126	49
127	39
128	34
129	31
130	25
131	19
132	17
133	15
134	14
135	10
136	9
137	8
138	5
139	4
140	3
141	3
142	3
143	2
144	1
145	1
