score	frequency	year
1	0	2016
2	0	2016
3	0	2016
4	0	2016
5	0	2016
6	0	2016
7	0	2016
8	0	2016
9	0	2016
10	0	2016
11	0	2016
12	0	2016
13	0	2016
14	0	2016
15	0	2016
16	0	2016
17	0	2016
18	0	2016
19	0	2016
20	0	2016
21	0	2016
22	0	2016
23	0	2016
24	0	2016
25	0	2016
26	0	2016
27	0	2016
28	0	2016
29	0	2016
30	0	2016
31	0	2016
32	0	2016
33	0	2016
34	0	2016
35	0	2016
36	0	2016
37	0	2016
38	0	2016
39	0	2016
40	0	2016
41	0	2016
42	0	2016
43	0	2016
44	0	2016
45	0	2016
46	0	2016
47	0	2016
48	0	2016
49	0	2016
50	0	2016
51	0	2016
52	0	2016
53	0	2016
54	0	2016
55	0	2016
56	0	2016
57	0	2016
58	0	2016
59	0	2016
60	0	2016
61	0	2016
62	0	2016
63	0	2016
64	0	2016
65	0	2016
66	0	2016
67	0	2016
68	0	2016
69	0	2016
70	0	2016
71	0	2016
72	0	2016
73	0	2016
74	0	2016
75	0	2016
76	0	2016
77	0	2016
78	1	2016
79	0	2016
80	0	2016
81	0	2016
82	0	2016
83	3	2016
84	3	2016
85	4	2016
86	1	2016
87	5	2016
88	8	2016
89	9	2016
90	9	2016
91	22	2016
92	18	2016
93	16	2016
94	19	2016
95	22	2016
96	31	2016
97	26	2016
98	32	2016
99	32	2016
100	38	2016
101	39	2016
102	53	2016
103	59	2016
104	54	2016
105	38	2016
106	49	2016
107	53	2016
108	58	2016
109	53	2016
110	34	2016
111	49	2016
112	55	2016
113	26	2016
114	46	2016
115	43	2016
116	48	2016
117	28	2016
118	31	2016
119	22	2016
120	29	2016
121	25	2016
122	17	2016
123	18	2016
124	16	2016
125	9	2016
126	5	2016
127	4	2016
128	13	2016
129	8	2016
130	10	2016
131	5	2016
132	6	2016
133	2	2016
134	2	2016
135	1	2016
136	1	2016
137	1	2016
138	0	2016
139	3	2016
140	1	2016
141	0	2016
142	1	2016
143	0	2016
144	1	2016
145	0	2016
146	0	2016
147	1	2016
