score	gamesWon
1	715
2	713
3	743
4	743
5	751
6	759
7	758
8	762
9	781
10	772
11	791
12	790
13	819
14	827
15	826
16	840
17	839
18	849
19	839
20	851
21	851
22	861
23	867
24	859
25	869
26	869
27	878
28	891
29	881
30	895
31	892
32	897
33	912
34	919
35	925
36	919
37	928
38	925
39	933
40	929
41	955
42	953
43	960
44	964
45	967
46	979
47	987
48	985
49	987
50	988
51	975
52	989
53	987
54	993
55	1000
56	1001
57	1004
58	1008
59	1010
60	1013
61	1032
62	1019
63	1023
64	1027
65	1029
66	1029
67	1032
68	1042
69	1040
70	1041
71	1039
72	1056
73	1058
74	1084
75	1074
76	1072
77	1075
78	1074
79	1074
80	1082
81	1082
82	1086
83	1096
84	1103
85	1096
86	1101
87	1108
88	1122
89	1131
90	1120
91	1122
92	1117
93	1107
94	1101
95	1077
96	1052
97	1041
98	1020
99	994
100	988
101	955
102	923
103	875
104	818
105	768
106	737
107	694
108	640
109	586
110	537
111	506
112	461
113	404
114	380
115	337
116	296
117	250
118	224
119	196
120	174
121	146
122	121
123	104
124	87
125	70
126	61
127	56
128	53
129	41
130	34
131	24
132	19
133	14
134	12
135	10
136	9
137	8
138	7
139	7
140	4
141	3
142	3
143	2
144	2
145	1
146	1
147	1
