score	gamesWon
1	696
2	688
3	687
4	688
5	705
6	725
7	729
8	734
9	735
10	752
11	758
12	782
13	775
14	795
15	800
16	810
17	812
18	807
19	813
20	815
21	831
22	821
23	832
24	846
25	843
26	852
27	848
28	839
29	863
30	859
31	855
32	862
33	863
34	880
35	871
36	870
37	879
38	875
39	881
40	881
41	897
42	893
43	880
44	889
45	895
46	903
47	892
48	904
49	910
50	920
51	919
52	940
53	935
54	936
55	938
56	952
57	959
58	960
59	958
60	962
61	956
62	967
63	961
64	974
65	982
66	985
67	992
68	1007
69	1009
70	1013
71	1020
72	1012
73	1022
74	1022
75	1040
76	1044
77	1046
78	1057
79	1056
80	1066
81	1069
82	1075
83	1077
84	1094
85	1098
86	1104
87	1110
88	1113
89	1121
90	1129
91	1117
92	1112
93	1105
94	1117
95	1112
96	1114
97	1103
98	1078
99	1058
100	1041
101	1019
102	997
103	960
104	941
105	900
106	869
107	844
108	802
109	751
110	713
111	671
112	631
113	588
114	547
115	499
116	453
117	404
118	373
119	337
120	299
121	266
122	238
123	204
124	174
125	149
126	129
127	107
128	92
129	77
130	59
131	44
132	39
133	32
134	22
135	17
136	15
137	15
138	11
139	11
140	11
141	7
142	5
143	5
144	4
145	4
146	4
147	3
148	3
149	1
