score	frequency	year
1	0	2020
2	0	2020
3	0	2020
4	0	2020
5	0	2020
6	0	2020
7	0	2020
8	0	2020
9	0	2020
10	0	2020
11	0	2020
12	0	2020
13	0	2020
14	0	2020
15	0	2020
16	0	2020
17	0	2020
18	0	2020
19	0	2020
20	0	2020
21	0	2020
22	0	2020
23	0	2020
24	0	2020
25	0	2020
26	0	2020
27	0	2020
28	0	2020
29	0	2020
30	0	2020
31	0	2020
32	0	2020
33	0	2020
34	0	2020
35	0	2020
36	0	2020
37	0	2020
38	0	2020
39	0	2020
40	0	2020
41	0	2020
42	0	2020
43	0	2020
44	0	2020
45	0	2020
46	0	2020
47	0	2020
48	0	2020
49	0	2020
50	0	2020
51	0	2020
52	0	2020
53	0	2020
54	0	2020
55	0	2020
56	0	2020
57	0	2020
58	0	2020
59	0	2020
60	0	2020
61	0	2020
62	0	2020
63	0	2020
64	0	2020
65	0	2020
66	0	2020
67	0	2020
68	0	2020
69	0	2020
70	0	2020
71	0	2020
72	0	2020
73	0	2020
74	0	2020
75	0	2020
76	0	2020
77	0	2020
78	0	2020
79	0	2020
80	1	2020
81	0	2020
82	0	2020
83	1	2020
84	1	2020
85	0	2020
86	0	2020
87	1	2020
88	0	2020
89	0	2020
90	3	2020
91	1	2020
92	2	2020
93	4	2020
94	4	2020
95	4	2020
96	8	2020
97	4	2020
98	7	2020
99	7	2020
100	18	2020
101	12	2020
102	15	2020
103	17	2020
104	20	2020
105	24	2020
106	22	2020
107	27	2020
108	33	2020
109	41	2020
110	33	2020
111	36	2020
112	42	2020
113	44	2020
114	38	2020
115	38	2020
116	38	2020
117	50	2020
118	37	2020
119	41	2020
120	32	2020
121	40	2020
122	43	2020
123	29	2020
124	30	2020
125	34	2020
126	23	2020
127	34	2020
128	26	2020
129	30	2020
130	17	2020
131	10	2020
132	12	2020
133	12	2020
134	13	2020
135	12	2020
136	10	2020
137	8	2020
138	5	2020
139	11	2020
140	11	2020
141	5	2020
142	3	2020
143	3	2020
144	0	2020
145	1	2020
146	0	2020
147	0	2020
148	0	2020
149	1	2020
150	3	2020
151	1	2020
152	1	2020
153	1	2020
154	1	2020
155	0	2020
156	0	2020
157	0	2020
158	1	2020
159	1	2020
