score	gamesWon
1	593
2	595
3	610
4	634
5	646
6	655
7	651
8	660
9	670
10	676
11	691
12	690
13	701
14	712
15	726
16	737
17	732
18	740
19	742
20	726
21	746
22	752
23	749
24	732
25	740
26	738
27	741
28	741
29	741
30	763
31	758
32	767
33	776
34	784
35	790
36	796
37	795
38	801
39	808
40	808
41	800
42	824
43	816
44	830
45	839
46	830
47	841
48	835
49	831
50	841
51	846
52	860
53	859
54	872
55	877
56	884
57	891
58	887
59	892
60	892
61	905
62	900
63	903
64	903
65	902
66	905
67	907
68	901
69	909
70	914
71	921
72	910
73	919
74	929
75	930
76	930
77	932
78	934
79	949
80	942
81	950
82	949
83	951
84	957
85	971
86	971
87	971
88	981
89	977
90	983
91	978
92	988
93	987
94	1001
95	995
96	1001
97	1006
98	1001
99	997
100	1006
101	999
102	993
103	981
104	969
105	955
106	939
107	910
108	901
109	886
110	846
111	828
112	796
113	768
114	735
115	696
116	662
117	612
118	579
119	534
120	495
121	453
122	416
123	376
124	342
125	311
126	270
127	248
128	224
129	190
130	159
131	134
132	119
133	100
134	84
135	67
136	55
137	50
138	44
139	39
140	34
141	29
142	21
143	18
144	16
145	12
146	10
147	9
148	4
149	4
150	3
151	3
152	3
153	2
154	2
