score	frequency	year
1	0	2022
2	0	2022
3	0	2022
4	0	2022
5	0	2022
6	0	2022
7	0	2022
8	0	2022
9	0	2022
10	0	2022
11	0	2022
12	0	2022
13	0	2022
14	0	2022
15	0	2022
16	0	2022
17	0	2022
18	0	2022
19	0	2022
20	0	2022
21	0	2022
22	0	2022
23	0	2022
24	0	2022
25	0	2022
26	0	2022
27	0	2022
28	0	2022
29	0	2022
30	0	2022
31	0	2022
32	0	2022
33	0	2022
34	0	2022
35	0	2022
36	0	2022
37	0	2022
38	0	2022
39	0	2022
40	0	2022
41	0	2022
42	0	2022
43	0	2022
44	0	2022
45	0	2022
46	0	2022
47	0	2022
48	0	2022
49	0	2022
50	0	2022
51	0	2022
52	0	2022
53	0	2022
54	0	2022
55	0	2022
56	0	2022
57	0	2022
58	0	2022
59	0	2022
60	0	2022
61	0	2022
62	0	2022
63	0	2022
64	0	2022
65	0	2022
66	0	2022
67	0	2022
68	0	2022
69	0	2022
70	0	2022
71	0	2022
72	0	2022
73	0	2022
74	0	2022
75	0	2022
76	0	2022
77	0	2022
78	0	2022
79	0	2022
80	0	2022
81	0	2022
82	0	2022
83	0	2022
84	0	2022
85	0	2022
86	0	2022
87	1	2022
88	1	2022
89	1	2022
90	2	2022
91	2	2022
92	4	2022
93	6	2022
94	8	2022
95	9	2022
96	7	2022
97	11	2022
98	14	2022
99	17	2022
100	11	2022
101	16	2022
102	29	2022
103	26	2022
104	31	2022
105	26	2022
106	26	2022
107	32	2022
108	27	2022
109	32	2022
110	49	2022
111	47	2022
112	39	2022
113	56	2022
114	52	2022
115	51	2022
116	51	2022
117	46	2022
118	47	2022
119	45	2022
120	43	2022
121	38	2022
122	35	2022
123	42	2022
124	41	2022
125	31	2022
126	28	2022
127	32	2022
128	21	2022
129	19	2022
130	19	2022
131	20	2022
132	24	2022
133	20	2022
134	14	2022
135	12	2022
136	11	2022
137	6	2022
138	9	2022
139	7	2022
140	6	2022
141	4	2022
142	5	2022
143	0	2022
144	5	2022
145	1	2022
146	2	2022
147	0	2022
148	0	2022
149	1	2022
150	1	2022
151	0	2022
152	1	2022
153	1	2022
154	0	2022
155	0	2022
156	0	2022
157	1	2022
158	1	2022
