score	frequency	year
73	1	2006
74	1	2006
75	2	2006
76	3	2006
77	1	2006
78	2	2006
79	4	2006
80	4	2006
81	3	2006
82	6	2006
83	10	2006
84	15	2006
85	19	2006
86	17	2006
87	10	2006
88	18	2006
89	30	2006
90	36	2006
91	36	2006
92	27	2006
93	32	2006
94	40	2006
95	44	2006
96	38	2006
97	49	2006
98	48	2006
99	41	2006
100	49	2006
101	44	2006
102	63	2006
103	51	2006
104	40	2006
105	48	2006
106	48	2006
107	37	2006
108	37	2006
109	41	2006
110	37	2006
111	43	2006
112	23	2006
113	33	2006
114	27	2006
115	23	2006
116	16	2006
117	18	2006
118	15	2006
119	13	2006
120	12	2006
121	10	2006
122	11	2006
123	10	2006
124	4	2006
125	7	2006
126	3	2006
127	3	2006
128	3	2006
129	3	2006
130	3	2006
132	1	2006
136	1	2006
137	1	2006
139	1	2006
140	2	2006
152	1	2006
75	2	2007
77	2	2007
78	1	2007
79	2	2007
80	1	2007
81	8	2007
82	5	2007
83	4	2007
84	5	2007
85	8	2007
86	18	2007
87	11	2007
88	20	2007
89	13	2007
90	24	2007
91	25	2007
92	44	2007
93	28	2007
94	40	2007
95	41	2007
96	42	2007
97	40	2007
98	43	2007
99	47	2007
100	59	2007
101	50	2007
102	45	2007
103	50	2007
104	46	2007
105	49	2007
106	50	2007
107	34	2007
108	44	2007
109	44	2007
110	33	2007
111	33	2007
112	36	2007
113	30	2007
114	26	2007
115	30	2007
116	23	2007
117	18	2007
118	21	2007
119	12	2007
120	15	2007
121	14	2007
122	11	2007
123	8	2007
124	8	2007
125	5	2007
126	10	2007
127	4	2007
128	3	2007
129	3	2007
130	1	2007
131	3	2007
132	3	2007
133	2	2007
134	1	2007
135	3	2007
136	1	2007
137	1	2007
140	1	2007
144	2	2007
147	1	2007
151	1	2007
161	1	2007
72	1	2008
74	1	2008
75	1	2008
76	1	2008
77	1	2008
78	2	2008
79	1	2008
80	4	2008
81	1	2008
82	2	2008
83	7	2008
84	7	2008
85	11	2008
86	6	2008
87	13	2008
88	18	2008
89	18	2008
90	25	2008
91	30	2008
92	24	2008
93	23	2008
94	26	2008
95	29	2008
96	36	2008
97	37	2008
98	36	2008
99	40	2008
100	50	2008
101	43	2008
102	42	2008
103	59	2008
104	48	2008
105	55	2008
106	45	2008
107	33	2008
108	40	2008
109	39	2008
110	45	2008
111	42	2008
112	34	2008
113	33	2008
114	29	2008
115	22	2008
116	32	2008
117	36	2008
118	21	2008
119	23	2008
120	22	2008
121	13	2008
122	19	2008
123	18	2008
124	10	2008
125	9	2008
126	7	2008
127	11	2008
128	5	2008
129	3	2008
130	4	2008
131	2	2008
132	6	2008
133	1	2008
134	2	2008
135	2	2008
136	2	2008
137	2	2008
138	1	2008
140	1	2008
151	2	2008
168	1	2008
77	1	2009
78	2	2009
79	3	2009
80	4	2009
81	3	2009
82	3	2009
83	4	2009
84	5	2009
85	5	2009
86	11	2009
87	11	2009
88	21	2009
89	19	2009
90	20	2009
91	24	2009
92	16	2009
93	31	2009
94	30	2009
95	35	2009
96	35	2009
97	29	2009
98	50	2009
99	52	2009
100	49	2009
101	43	2009
102	46	2009
103	44	2009
104	42	2009
105	56	2009
106	53	2009
107	64	2009
108	44	2009
109	39	2009
110	37	2009
111	29	2009
112	35	2009
113	31	2009
114	35	2009
115	27	2009
116	25	2009
117	28	2009
118	24	2009
119	24	2009
120	16	2009
121	13	2009
122	17	2009
123	4	2009
124	10	2009
125	5	2009
126	9	2009
127	5	2009
128	7	2009
129	9	2009
130	5	2009
131	1	2009
132	4	2009
133	4	2009
134	1	2009
135	4	2009
138	1	2009
139	2	2009
140	5	2009
142	1	2009
143	1	2009
144	1	2009
154	1	2009
76	1	2010
77	1	2010
79	2	2010
80	3	2010
81	2	2010
82	1	2010
83	10	2010
84	2	2010
85	4	2010
86	10	2010
87	8	2010
88	9	2010
89	6	2010
90	13	2010
91	18	2010
92	28	2010
93	28	2010
94	30	2010
95	34	2010
96	46	2010
97	47	2010
98	51	2010
99	45	2010
100	28	2010
101	44	2010
102	56	2010
103	37	2010
104	67	2010
105	44	2010
106	52	2010
107	43	2010
108	57	2010
109	45	2010
110	38	2010
111	36	2010
112	36	2010
113	38	2010
114	29	2010
115	29	2010
116	27	2010
117	19	2010
118	28	2010
119	14	2010
120	19	2010
121	17	2010
122	15	2010
123	11	2010
124	12	2010
125	10	2010
126	10	2010
127	10	2010
128	10	2010
129	2	2010
130	6	2010
131	4	2010
132	6	2010
133	5	2010
135	3	2010
140	1	2010
141	1	2010
146	2	2010
147	1	2010
152	1	2010
75	2	2011
77	1	2011
78	1	2011
79	1	2011
80	1	2011
82	4	2011
83	9	2011
84	10	2011
85	10	2011
86	9	2011
87	9	2011
88	20	2011
89	24	2011
90	17	2011
91	15	2011
92	20	2011
93	33	2011
94	29	2011
95	45	2011
96	39	2011
97	47	2011
98	41	2011
99	56	2011
100	58	2011
101	51	2011
102	44	2011
103	47	2011
104	52	2011
105	36	2011
106	41	2011
107	42	2011
108	39	2011
109	45	2011
110	53	2011
111	45	2011
112	37	2011
113	32	2011
114	25	2011
115	26	2011
116	33	2011
117	17	2011
118	18	2011
119	9	2011
120	19	2011
121	17	2011
122	9	2011
123	16	2011
124	9	2011
125	9	2011
126	4	2011
127	6	2011
128	3	2011
129	6	2011
130	2	2011
131	5	2011
132	3	2011
133	1	2011
134	1	2011
135	1	2011
136	2	2011
137	1	2011
138	2	2011
139	1	2011
144	1	2011
73	2	2012
74	2	2012
75	1	2012
76	2	2012
77	3	2012
78	4	2012
79	5	2012
81	2	2012
82	6	2012
83	10	2012
84	6	2012
85	11	2012
86	11	2012
87	14	2012
88	17	2012
89	17	2012
90	18	2012
91	21	2012
92	28	2012
93	43	2012
94	32	2012
95	29	2012
96	40	2012
97	43	2012
98	42	2012
99	60	2012
100	38	2012
101	42	2012
102	55	2012
103	49	2012
104	43	2012
105	47	2012
106	31	2012
107	37	2012
108	23	2012
109	31	2012
110	13	2012
111	22	2012
112	21	2012
113	20	2012
114	19	2012
115	17	2012
116	12	2012
117	12	2012
118	11	2012
119	11	2012
120	16	2012
121	9	2012
122	6	2012
123	3	2012
124	4	2012
125	4	2012
127	2	2012
128	2	2012
129	1	2012
131	1	2012
137	1	2012
139	1	2012
149	1	2012
71	1	2013
74	1	2013
76	1	2013
77	2	2013
78	1	2013
79	2	2013
80	2	2013
81	5	2013
82	5	2013
83	3	2013
84	5	2013
85	7	2013
86	11	2013
87	20	2013
88	18	2013
89	17	2013
90	30	2013
91	17	2013
92	37	2013
93	38	2013
94	26	2013
95	37	2013
96	42	2013
97	48	2013
98	36	2013
99	61	2013
100	50	2013
101	46	2013
102	49	2013
103	60	2013
104	60	2013
105	65	2013
106	44	2013
107	47	2013
108	48	2013
109	37	2013
110	30	2013
111	28	2013
112	26	2013
113	39	2013
114	27	2013
115	20	2013
116	22	2013
117	26	2013
118	18	2013
119	20	2013
120	12	2013
121	9	2013
122	9	2013
123	5	2013
124	5	2013
125	10	2013
126	5	2013
127	4	2013
128	2	2013
129	3	2013
130	1	2013
131	5	2013
132	2	2013
134	1	2013
136	2	2013
140	2	2013
141	1	2013
142	1	2013
75	2	2014
76	1	2014
78	1	2014
79	1	2014
81	2	2014
82	4	2014
83	4	2014
84	1	2014
85	4	2014
86	7	2014
87	7	2014
88	12	2014
89	14	2014
90	14	2014
91	23	2014
92	21	2014
93	25	2014
94	27	2014
95	31	2014
96	33	2014
97	30	2014
98	38	2014
99	33	2014
100	38	2014
101	56	2014
102	65	2014
103	46	2014
104	60	2014
105	48	2014
106	37	2014
107	46	2014
108	41	2014
109	50	2014
110	46	2014
111	49	2014
112	53	2014
113	40	2014
114	37	2014
115	27	2014
116	37	2014
117	26	2014
118	23	2014
119	15	2014
120	19	2014
121	14	2014
122	18	2014
123	18	2014
124	14	2014
125	9	2014
126	11	2014
127	7	2014
128	3	2014
129	6	2014
130	6	2014
131	2	2014
132	2	2014
133	1	2014
134	4	2014
135	1	2014
136	1	2014
137	3	2014
138	1	2014
139	1	2014
142	1	2014
143	1	2014
145	1	2014
69	1	2015
71	1	2015
74	1	2015
76	2	2015
78	2	2015
80	3	2015
81	1	2015
82	3	2015
83	2	2015
85	6	2015
86	2	2015
87	9	2015
88	12	2015
89	18	2015
90	9	2015
91	19	2015
92	21	2015
93	25	2015
94	26	2015
95	44	2015
96	29	2015
97	34	2015
98	47	2015
99	49	2015
100	43	2015
101	53	2015
102	52	2015
103	53	2015
104	54	2015
105	62	2015
106	58	2015
107	50	2015
108	45	2015
109	45	2015
110	53	2015
111	35	2015
112	29	2015
113	37	2015
114	49	2015
115	24	2015
116	17	2015
117	25	2015
118	17	2015
119	20	2015
120	22	2015
121	10	2015
122	12	2015
123	14	2015
124	7	2015
125	6	2015
126	8	2015
127	12	2015
128	7	2015
129	6	2015
130	4	2015
131	5	2015
132	1	2015
133	2	2015
135	2	2015
136	1	2015
137	1	2015
138	1	2015
139	1	2015
140	1	2015
144	1	2015
78	1	2016
83	3	2016
84	3	2016
85	4	2016
86	1	2016
87	5	2016
88	8	2016
89	9	2016
90	9	2016
91	22	2016
92	18	2016
93	16	2016
94	19	2016
95	22	2016
96	31	2016
97	26	2016
98	32	2016
99	32	2016
100	38	2016
101	39	2016
102	53	2016
103	59	2016
104	54	2016
105	38	2016
106	49	2016
107	53	2016
108	58	2016
109	53	2016
110	34	2016
111	49	2016
112	55	2016
113	26	2016
114	46	2016
115	43	2016
116	48	2016
117	28	2016
118	31	2016
119	22	2016
120	29	2016
121	25	2016
122	17	2016
123	18	2016
124	16	2016
125	9	2016
126	5	2016
127	4	2016
128	13	2016
129	8	2016
130	10	2016
131	5	2016
132	6	2016
133	2	2016
134	2	2016
135	1	2016
136	1	2016
137	1	2016
139	3	2016
140	1	2016
142	1	2016
144	1	2016
147	1	2016
80	1	2017
82	1	2017
85	2	2017
86	1	2017
87	5	2017
88	7	2017
89	4	2017
90	8	2017
91	8	2017
92	7	2017
93	10	2017
94	12	2017
95	18	2017
96	19	2017
97	21	2017
98	26	2017
99	23	2017
100	25	2017
101	22	2017
102	46	2017
103	30	2017
104	36	2017
105	57	2017
106	44	2017
107	47	2017
108	36	2017
109	61	2017
110	50	2017
111	39	2017
112	70	2017
113	46	2017
114	42	2017
115	45	2017
116	42	2017
117	41	2017
118	37	2017
119	33	2017
120	35	2017
121	32	2017
122	34	2017
123	30	2017
124	15	2017
125	24	2017
126	12	2017
127	16	2017
128	13	2017
129	15	2017
130	11	2017
131	6	2017
132	8	2017
133	6	2017
134	3	2017
135	5	2017
136	3	2017
137	6	2017
138	1	2017
139	2	2017
140	3	2017
141	1	2017
142	3	2017
143	1	2017
144	1	2017
149	1	2017
84	2	2018
86	2	2018
87	4	2018
88	1	2018
89	3	2018
90	6	2018
91	7	2018
92	13	2018
93	8	2018
94	8	2018
95	15	2018
96	20	2018
97	27	2018
98	25	2018
99	22	2018
100	30	2018
101	29	2018
102	37	2018
103	31	2018
104	48	2018
105	40	2018
106	29	2018
107	42	2018
108	62	2018
109	45	2018
110	47	2018
111	48	2018
112	46	2018
113	47	2018
114	47	2018
115	49	2018
116	51	2018
117	35	2018
118	36	2018
119	42	2018
120	31	2018
121	35	2018
122	33	2018
123	31	2018
124	27	2018
125	22	2018
126	21	2018
127	15	2018
128	15	2018
129	17	2018
130	15	2018
131	7	2018
132	7	2018
133	8	2018
134	5	2018
135	2	2018
137	4	2018
138	1	2018
139	1	2018
140	3	2018
141	2	2018
142	1	2018
143	1	2018
146	1	2018
148	2	2018
149	1	2018
84	1	2019
89	1	2019
90	3	2019
91	1	2019
92	4	2019
93	4	2019
94	3	2019
95	10	2019
96	10	2019
97	6	2019
98	12	2019
99	16	2019
100	18	2019
101	16	2019
102	17	2019
103	22	2019
104	27	2019
105	24	2019
106	27	2019
107	36	2019
108	38	2019
109	20	2019
110	34	2019
111	51	2019
112	47	2019
113	57	2019
114	43	2019
115	51	2019
116	59	2019
117	51	2019
118	47	2019
119	42	2019
120	46	2019
121	48	2019
122	41	2019
123	43	2019
124	30	2019
125	36	2019
126	31	2019
127	24	2019
128	30	2019
129	31	2019
130	15	2019
131	26	2019
132	23	2019
133	14	2019
134	6	2019
135	15	2019
136	9	2019
137	3	2019
138	4	2019
139	1	2019
140	7	2019
141	4	2019
142	2	2019
143	4	2019
144	4	2019
145	2	2019
146	2	2019
147	1	2019
148	4	2019
149	6	2019
154	1	2019
168	1	2019
80	1	2020
83	1	2020
84	1	2020
87	1	2020
90	3	2020
91	1	2020
92	2	2020
93	4	2020
94	4	2020
95	4	2020
96	8	2020
97	4	2020
98	7	2020
99	7	2020
100	18	2020
101	12	2020
102	15	2020
103	17	2020
104	20	2020
105	24	2020
106	22	2020
107	27	2020
108	33	2020
109	41	2020
110	33	2020
111	36	2020
112	42	2020
113	44	2020
114	38	2020
115	38	2020
116	38	2020
117	50	2020
118	37	2020
119	41	2020
120	32	2020
121	40	2020
122	43	2020
123	29	2020
124	30	2020
125	34	2020
126	23	2020
127	34	2020
128	26	2020
129	30	2020
130	17	2020
131	10	2020
132	12	2020
133	12	2020
134	13	2020
135	12	2020
136	10	2020
137	8	2020
138	5	2020
139	11	2020
140	11	2020
141	5	2020
142	3	2020
143	3	2020
145	1	2020
149	1	2020
150	3	2020
151	1	2020
152	1	2020
153	1	2020
154	1	2020
158	1	2020
159	1	2020
84	1	2021
86	2	2021
87	1	2021
89	1	2021
91	1	2021
92	2	2021
93	2	2021
94	4	2021
95	1	2021
96	8	2021
97	2	2021
98	6	2021
99	5	2021
100	15	2021
101	18	2021
102	17	2021
103	19	2021
104	17	2021
105	21	2021
106	32	2021
107	20	2021
108	24	2021
109	45	2021
110	27	2021
111	34	2021
112	35	2021
113	43	2021
114	38	2021
115	34	2021
116	54	2021
117	32	2021
118	49	2021
119	37	2021
120	46	2021
121	36	2021
122	47	2021
123	38	2021
124	35	2021
125	43	2021
126	23	2021
127	25	2021
128	37	2021
129	29	2021
130	26	2021
131	15	2021
132	23	2021
133	16	2021
134	16	2021
135	12	2021
136	4	2021
137	8	2021
138	4	2021
139	5	2021
140	6	2021
141	8	2021
142	2	2021
143	3	2021
144	4	2021
145	2	2021
146	2	2021
147	5	2021
149	1	2021
152	1	2021
154	2	2021
87	1	2022
88	1	2022
89	1	2022
90	2	2022
91	2	2022
92	4	2022
93	6	2022
94	8	2022
95	9	2022
96	7	2022
97	11	2022
98	14	2022
99	17	2022
100	11	2022
101	16	2022
102	29	2022
103	26	2022
104	31	2022
105	26	2022
106	26	2022
107	32	2022
108	27	2022
109	32	2022
110	49	2022
111	47	2022
112	39	2022
113	56	2022
114	52	2022
115	51	2022
116	51	2022
117	46	2022
118	47	2022
119	45	2022
120	43	2022
121	38	2022
122	35	2022
123	42	2022
124	41	2022
125	31	2022
126	28	2022
127	32	2022
128	21	2022
129	19	2022
130	19	2022
131	20	2022
132	24	2022
133	20	2022
134	14	2022
135	12	2022
136	11	2022
137	6	2022
138	9	2022
139	7	2022
140	6	2022
141	4	2022
142	5	2022
144	5	2022
145	1	2022
146	2	2022
149	1	2022
150	1	2022
152	1	2022
153	1	2022
157	1	2022
158	1	2022
87	1	2023
90	2	2023
92	1	2023
94	2	2023
95	4	2023
96	5	2023
97	5	2023
98	4	2023
99	6	2023
100	8	2023
101	13	2023
102	15	2023
103	12	2023
104	17	2023
105	15	2023
106	21	2023
107	17	2023
108	30	2023
109	21	2023
110	27	2023
111	35	2023
112	54	2023
113	50	2023
114	42	2023
115	42	2023
116	55	2023
117	51	2023
118	47	2023
119	57	2023
120	39	2023
121	59	2023
122	50	2023
123	47	2023
124	44	2023
125	35	2023
126	43	2023
127	29	2023
128	46	2023
129	34	2023
130	32	2023
131	17	2023
132	25	2023
133	20	2023
134	22	2023
135	13	2023
136	15	2023
137	14	2023
138	12	2023
139	11	2023
140	8	2023
141	7	2023
142	8	2023
143	6	2023
144	4	2023
145	2	2023
146	1	2023
147	2	2023
149	1	2023
150	3	2023
151	2	2023
153	2	2023
157	1	2023
176	1	2023
